61100601. 115. 0. 115.

61101111.110.11. 131. 1. . ’

60111111.168. 0.

611011101. 361. 6. 363. 365.

6111111101. 133. 6.
6113111111. 199. b. 301.

61110111. 308. 6. 315.
6111111011. 34.
6111111. 19. 34. 51.

6111111111. 49.
Gallus. 741). 86.

6111111111.. 105.

6101111101. 105. 1. 113. (l.

6001110111. 108. 6.

6111111101. 115. 6. 116. ¹

Gasteruptiou. 181.
Castrobranchus. 70. 77.
611101000100111. 7511.
61111101011. 119.

611101011011. 74. 0.
600110. 58. 61.

6000011111. 141.
6001111001. 131. 0.
6101101111. 131. 0.
601111. 199. 1. 305.
001111. 303. 304.
60170011. 370.
Οἱ111111111.131.0. 1 ¹
Gibbus. 178.

Guugom'tes. 151.

6101610111. 159.
Glaphyrus. 131. e,

’ 61110011. 35.

6111100011. 1... 31.
6111100011. F. 308. b. 316.

Glaucus. 110. 1.

11111. 13. ·

’ · 6101110111. 115. b. 117. 6

61011111. 131. 308. 309.

' 61701101101111. 135. ,

Glyphisodon. 74. 11. 87.

61111011111111. 30.

“ Gnatho. 148.

61101110. 148.

, · 60111οε01. 74. 6.

6011101601. 74. 6. 85.

. 6011101110101601. 74. 6.

60111οω0111. 74. 6. 85.
60111111. 74. 6. 85.

6001111357. 1. 360.
60111111. 131. e.
Gomnphosus. 74. 0.

Genus. 396.
6017011. 317. 11. 340.

Gordius. 110. 11101.
Gordius. 360. b.

' Gergouia. 381. 6. 369.

Gergouia. 388.
61101111. 31. 60.

, 6111111. 19. ³5. 46.

55

 

