Corvus. 31. 41.

611981111. 173. 8. 175.
. Corydona. 75. b.

611711138111384. ,

Coryphaena. 74. 8. 85.
611991111181144, 8.
Corystes. 115. 1. 8.
6119111. 178. 8.
61111111. 13311.
Cossus. 318. 1. 319
Cqssyphus. 131. f.
cottus. 74. 8. 85.
6111111. 178. 8. 188.
6111111. 186. 188.
6111111111. 318. 8. 315.
1....1...1.1.3.5, '
6111911115. 1. 111. 8.
Crania. 111.(1.

6111111111. 111. 1. 134.
6111. 34. 51.
61111111111111111. 131. ο.

6111111111. 111. 1.
crepidula. 11111. 116.
Crepidula. 167.

. Crept'dulus. 168.
6111111111. 131. 1.

Grex. 35. 5ο.

61111111. 1414.

1.1...111..159.31..1. ’
' 1111111133. 8.

(4²7)

6811111111. 381. 8. 391.

6111111. 178. f.

61111111. 194.

- Crocodilus. 58. 61.

6111111111. 67.

. Crotalus. 59. 64.

6111191191. 3ο· 39. .

. 6111111111. 7.9. 115.

6111111111111. 69111.
617911119111111.133. d.

Cryptocerus. 178. 1. 197.
6177111εή181. 185.

¹ 6191111191111144.

619ρ111.181. 8181.

6111191111. 317. 1. 311.
6111111111. 133. b.

'Cucujus. 133. 1.

61111111 111. 1. 136.

6111111111. 356. c. 3511. 358. 359. 361.

61111111. 313.
6111111. 31. 41.

Culex. 3171. 318. .
611111.. 318.

“ 6111111811. 317. 1. 319.
Cupes: 131. b.

Cupes. 144.

’” Cupido. 315.
61111111. 133. b.
6111111111111. 133. b.

61111111. 19. 35.

Η

 

