Bombyx. 318. 1. 319. v ¹*

Bombyx. 317. 3181319. 311. 311.

8111911111. 59
Bopyrus. 115. 1.117.11.

Burburus. 353.

8111111. 151.

81111138.-

811. 1516. ¹ ι χ
891111111111311. 98. ‘N
8111111111. 1331.
8111111811. (piscis) 98.

81111111911111. 361.
8111711111. 381. d„ 391.

131171. 318. 11. 314.
Brachium. 131. 1.
8111111111. 381. 1. 383. 394. ¹
81111111111. 119.
81111711111. 133.11.
8111171111111. 133. 11.
8111111111. 115. ’-
8111171111 14. 19. 14.
13111111. 178. b. 181.
1311117911.14
Bruchiopodn. 115. 1. 118.

1311111111111111. 71.
8111111111. 311.
1311111111. 195. ⁴ ¹
Brentus. 13111.

Brontes 167.1.

81111111411111111) 198.

(42¹)

1111111111. 113. 11.
8111111111. 133. 11.

Ram. 19.
’ 131181. 37.
8111111111. 111. 1. 118187.
1311σοί111111. 181. 1.186.’ 1. 1871. 1881.
1941. 1961.
Bucco. 31. 41.

8111111111. 3171. 348.

81111111. 31. 39. ,

Bufo. 56. 61.
8111111111. 365.
1311Ιὶ111111. 11111 175.

8111111111174. 177. 178. 1791891.
81111. 111. d. 131.179. 1. 181. 1.
Baua. 1841. 1851. 189. 1. 198. 91991.

8111111. 111. 1. 179. ⁰·

Battus. 179.
1311191111. 68.

· , 1311911191. 31. 39.

’8119111111 131. 11.
8111751. .
⁸ 81111111. 396.
Buteo. 31. 37.
131117ιὶ11111. 7581 Δ

8111111111. 131. 11.
¹ Byrrhus. 331. d»

’ 1371111111. 131. d.

 

