Carbo. 34. 45.

01111111. 111. 0. 138.
0111111110. 111. c. 137.
011101111. 110. 11. ι,

0111111νί111. 164.

0111111101. 370.

01170911718100356. c. 358. 359.Ι 360.
011709871110.381. 0. 385. ,

01111111. 133.(1.

0111111111. 110. 0. 119. 188. 0. 196. 0.

00111811. 366.
0111180101. 363. 365.

Cassiopen. 377. ¹
011111. 196. ,

0111011. 308. b. 316.
Castor. 1514. ⁸

0110111111. 50.

cataphractus. 75. 1191.

’ 00111010011011.
01108010 16.
001ορ0 140.
Cavit. 14.
0011110. 131. b.

. 018111. 17.
00001001. 183.

0101100171. 317. 1. 319.

0011001101. 151.
00111111. 381. d. ,

0011071011. 361. (1. 391. ’

0010111111. 178. 1.

ἱ.

(423) ’

0010111111. 190.

0101011111. 188.
0011011111. 59. 64.
0101111. 178. 1. 195.
0111111193. 194195. 1
Genu-iscus. 71. 80.
0001101091101. 74. 0.
000111001100. 75. 11. 91.
00011000801. 74. 0. 89.
Centropodus. 74. 0. 89.
0000090001. 74. b.
0101101111. 301.
010111101011101. 74. 0.

0111111011. 110.

· 009011000101. 107. d.

01111101001. 119.

· 0091010910101. 31. 40.

, v Cephea. 379

00711101. 1781181. ’

Ι 0071011. 741184. ·
Ι · ¹ 0171011111. 170.“·

Cmnxcm. 13311.

’ᾗ · ¹· ,0111011171 133. 0.

0011911100. 178. 0.
0011910101. 133. 0.
Gemina. 178. 1. 193.

· ,01111011110 361381.
  00101111. 393. 0395. ,

’01101111 178. d. 189.
01100911. 199. 0. 301.

 

